3333333343333333333333333
5555555555555555555555555
1111111111111111111111111
3233333333331*13333*13331
1311111113131313131113131
1333133333131333133333131
1111131111131311111111131
13333313333313331333*3331
1311111313111131113113111
13333*1313113331131313331
1311111313113111131311131
1333331313333333331333331
1111111311111111111*13111
1333333333331333331333131
1311131111111313131311131
1313331333133313131333331
1311111313111113111111131
1333333313333*13333333131
1311111111111113111113131
1313333333133313133333131
1311131311131311131113331
1313331313331333331333131
1313111313111311111111131
1333331*13333333333333173
1111111111111111111111111
6666666666666666666666666
3333333833333333333333333
3333333933333333333333333
3333333+33333333333333333